N = 5 | 0.01268
N = 10 | 1.20306
N = 15 | 122.27127999999999
N = 20 | 13149.93576
